### sid0 候选 u16LE 表（>=10 项, 值域[1,4000]）共 5 段
@0x00A0  n= 12  2078, 3072, 1920, 200, 250, 30, 40, 60, 80, 80, 80, 2565
@0x00EE  n= 23  58, 2460, 1, 1, 3370, 111, 97, 93, 97, 95, 97, 101, 101, 97, 99, 99, 97, 97, 109, 97, 111, 29, 29
@0x0257  n= 34  128, 128, 128, 127, 128, 128, 128, 129, 128, 128, 128, 127, 128, 128, 128, 129, 128, 128, 128, 127, 128, 128, 128, 127, 128, 128, 128, 129, 128, 128, 128, 127, 128, 128
@0x03D2  n= 36  128, 128, 128, 127, 128, 128, 128, 128, 128, 128, 128, 127, 128, 128, 128, 129, 128, 128, 128, 127, 128, 128, 128, 129, 128, 128, 128, 127, 128, 128, 128, 129, 128, 128, 128, 128
@0x0462  n= 20  128, 128, 128, 127, 128, 128, 128, 127, 128, 128, 128, 127, 128, 128, 128, 127, 128, 128, 128, 128

### sid2 候选 u16LE 表（>=10 项, 值域[1,4000]）共 0 段

### sid3 候选 u16LE 表（>=10 项, 值域[1,4000]）共 5 段
@0x01C3  n= 24  274, 514, 258, 513, 513, 513, 257, 513, 257, 257, 258, 513, 258, 257, 513, 257, 513, 258, 258, 2, 257, 258, 514, 1
@0x035D  n= 11  32, 200, 150, 200, 400, 1000, 1400, 1050, 1600, 1050, 800
@0x03C8  n= 76  128, 128, 128, 128, 128, 128, 128, 128, 128, 128, 128, 128, 128, 128, 128, 128, 128, 128, 128, 128, 128, 128, 128, 128, 128, 128, 128, 128, 128, 128, 128, 128, 128, 128, 128, 128, 128, 128, 128, 128
@0x05A2  n= 76  128, 128, 128, 128, 128, 128, 128, 128, 128, 128, 128, 128, 128, 128, 128, 128, 128, 128, 128, 128, 128, 128, 128, 128, 128, 128, 128, 128, 128, 128, 128, 128, 128, 128, 128, 128, 128, 128, 128, 128
@0x069E  n= 52  128, 128, 128, 128, 128, 128, 128, 128, 128, 128, 128, 128, 128, 128, 128, 128, 128, 128, 128, 128, 128, 128, 128, 128, 128, 128, 128, 128, 128, 128, 128, 128, 128, 128, 128, 128, 128, 128, 128, 128

