=== col04 sniff start 2026-09-13 10:54:23 (read-only) ===
[10:54:23.720] #1  0E 20 00 00 10 00 00 00 00 00 00 00 00 00 43 01
            完整: 0E 20 00 00 10 00 00 00 00 00 00 00 00 00 43 01 00 00 50 01 00 00 00 00 00 00 00 00 00 00 00 00 00 00 00 00 00 00 00 00 00 00 00 00 00 00 00 00 00 00 00 00 00 00 00 00 00 00 00 00 00 00 00 A1 71
[10:54:31.867] #2  00 20 00 00 00 00 00 00 00 00 00 00 00 00 00 00
            完整: 00 20 00 00 00 00 00 00 00 00 00 00 00 00 00 00 00 00 00 00 00 00 00 00 00 00 00 00 00 00 00 00 00 00 00 00 00 00 00 00 00 00 00 00 00 00 00 00 00 00 00 00 00 00 00 00 00 00 00 00 00 00 00 00 00
[10:56:20.657] #3  0E 20 00 00 10 00 00 00 00 00 00 00 00 00 43 01
            完整: 0E 20 00 00 10 00 00 00 00 00 00 00 00 00 43 01 00 00 50 01 00 00 00 00 00 00 00 00 00 00 00 00 00 00 00 00 00 00 00 00 00 00 00 00 00 00 00 00 00 00 00 00 00 00 00 00 00 00 00 00 00 00 00 A1 71
[10:56:21.591] #4  00 00 01 01 00 00 00 00 00 00 00 00 00 00 00 00
            完整: 00 00 01 01 00 00 00 00 00 00 00 00 00 00 00 00 00 00 00 00 00 00 00 00 00 00 00 00 00 00 00 00 00 00 00 00 00 00 00 00 00 00 00 00 00 00 00 00 00 00 00 00 00 00 00 00 00 00 00 00 00 00 00 00 00
[10:56:46.757] #5  0E 20 00 00 10 00 00 00 00 00 00 00 00 00 43 01
            完整: 0E 20 00 00 10 00 00 00 00 00 00 00 00 00 43 01 00 00 50 01 00 00 00 00 00 00 00 00 00 00 00 00 00 00 00 00 00 00 00 00 00 00 00 00 00 00 00 00 00 00 00 00 00 00 00 00 00 00 00 00 00 00 00 A1 71
[10:56:48.307] #6  00 00 01 01 00 00 00 00 00 00 00 00 00 00 00 00
            完整: 00 00 01 01 00 00 00 00 00 00 00 00 00 00 00 00 00 00 00 00 00 00 00 00 00 00 00 00 00 00 00 00 00 00 00 00 00 00 00 00 00 00 00 00 00 00 00 00 00 00 00 00 00 00 00 00 00 00 00 00 00 00 00 00 00
=== end: 6 changes, 3 distinct ===
