Col04 open: ok
快照 A -> <LAB>\touchpad-lab\poc\uia-thresh-A.txt
00 00 00 00 50 00 4B 00 01 00 A6 00 B1 00 5A 00 50 00 30 00 30 00 46 00 46 00 46 00 46 00 46 00 46 00 46 00 46 00 46 00 46 00 46 00 46 00 46 00 46 00 46 00 46 00 46 00 46 00 46 00 46 00 46 00 46 00 46 00 46 00 46 00 46 00 46 00 46 00 46 00 46 00 46 00 46 00 46 00 46 00 46 00 46 00 46 00 46 00 46 00 46 00 0E 00 0E 00 0E 00 0E 00 0E 00 0E 00 0E 00 0E 00 0E 00 0E 00 0E 00 0E 00 0E 00
done (Snap A)
已选择：低敏感度
注册表 ClickForceSensitivity = 50
done (SetLow A)
Col04 open: ok
快照 B -> <LAB>\touchpad-lab\poc\uia-thresh-B.txt
00 00 00 00 50 00 4B 00 01 00 A6 00 B1 00 5A 00 50 00 30 00 30 00 46 00 46 00 46 00 46 00 46 00 46 00 46 00 46 00 46 00 46 00 46 00 46 00 46 00 46 00 46 00 46 00 46 00 46 00 46 00 46 00 46 00 46 00 46 00 46 00 46 00 46 00 46 00 46 00 46 00 46 00 46 00 46 00 46 00 46 00 46 00 46 00 46 00 46 00 46 00 46 00 0E 00 0E 00 0E 00 0E 00 0E 00 0E 00 0E 00 0E 00 0E 00 0E 00 0E 00 0E 00 0E 00
done (Snap B)
变化 0 个 16 位单元
done (Diff A)
Col04 open: ok
快照 A -> <LAB>\touchpad-lab\poc\uia-thresh-A.txt
00 00 00 00 50 00 4B 00 01 00 A6 00 B1 00 5A 00 50 00 30 00 30 00 46 00 46 00 46 00 46 00 46 00 46 00 46 00 46 00 46 00 46 00 46 00 46 00 46 00 46 00 46 00 46 00 46 00 46 00 46 00 46 00 46 00 46 00 46 00 46 00 46 00 46 00 46 00 46 00 46 00 46 00 46 00 46 00 46 00 46 00 46 00 46 00 46 00 46 00 46 00 46 00 0E 00 0E 00 0E 00 0E 00 0E 00 0E 00 0E 00 0E 00 0E 00 0E 00 0E 00 0E 00 0E 00
done (Snap A)
Col04 open: ok
快照 B -> <LAB>\touchpad-lab\poc\uia-thresh-B.txt
00 00 00 00 50 00 4B 00 01 00 A6 00 B1 00 5A 00 50 00 30 00 30 00 46 00 46 00 46 00 46 00 46 00 46 00 46 00 46 00 46 00 46 00 46 00 46 00 46 00 46 00 46 00 46 00 46 00 46 00 46 00 46 00 46 00 46 00 46 00 46 00 46 00 46 00 46 00 46 00 46 00 46 00 46 00 46 00 46 00 46 00 46 00 46 00 46 00 46 00 46 00 46 00 0E 00 0E 00 0E 00 0E 00 0E 00 0E 00 0E 00 0E 00 0E 00 0E 00 0E 00 0E 00 0E 00
done (Snap B)
变化 0 个 16 位单元
done (Diff A)
