=== fw identity probe start 2026-09-28T21:08:55 ===
期望(0x08005000,16): C8 76 00 20 65 51 00 08 79 A6 00 08 95 88 00 08
open: ok
[LV init] ok=True  [c0 st0 len16]  :: 00 00 00 00 00 00 00 00 00 00 00 00 00 00 00 00
[P1 READ32 0x08005000 len16] ok=True cont=1 seq=0 len=60
   bytes: 00 00 00 00 00 00 00 00 00 00 00 00 00 00 00 00 00 00 00 00 00 00 00 00 00 00 00 00 00 00 00 00 00 00 00 00 00 00 00 00 00 00 00 00 00 00 00 00 00 00 00 00 00 00 00 00 00 00 00 00
[LV after-P1] ok=True  [c0 st0 len16]  :: 00 00 00 00 00 00 00 00 00 00 00 00 00 00 00 00
[P2 READ32 0x08005000 len64] ok=True cont=1 seq=0 len=60
   bytes: 00 00 00 00 00 00 00 00 00 00 00 00 00 00 00 00 00 00 00 00 00 00 00 00 00 00 00 00 00 00 00 00 00 00 00 00 00 00 00 00 00 00 00 00 00 00 00 00 00 00 00 00 00 00 00 00 00 00 00 00
[LV final] ok=True  [c0 st0 len16]  :: 00 00 00 00 00 00 00 00 00 00 00 00 00 00 00 00
[MATCH] 前 16 字节中命中 4 字节
==> 不符：设备该地址的内容与本地镜像无关（记录负结果）
=== done 2026-09-28T21:08:58 ===
